  pres= 0.255707E+00   error= 0.348024E-02
    Cv=-0.148210E+07   error= 0.303737E+03
 gamma=-0.927477E-03   error= 0.386245E-04
    kt=-0.258632E-06   error= 0.215555E-08
